crephalo.df <- structure(list(grp = c(1, 1, 1, 1, 1, 1, 1, 1, 1, 1, 1, 2, 2, 
2, 2, 2, 2, 2, 2, 2, 2, 3, 3, 3, 3, 3, 3, 3, 3, 3, 3, 3, 4, 4, 
4, 4, 4, 4, 4, 4, 4, 4, 4, 5, 5, 5, 5, 5, 5, 5, 5, 5, 5, 5), 
    subj = c(1, 2, 3, 4, 5, 6, 7, 8, 9, 10, 11, 1, 2, 3, 4, 5, 
    6, 7, 8, 9, 10, 1, 2, 3, 4, 5, 6, 7, 8, 9, 10, 11, 1, 2, 
    3, 4, 5, 6, 7, 8, 9, 10, 11, 1, 2, 3, 4, 5, 6, 7, 8, 9, 10, 
    11), v1 = c(112.5, 92.5, 132.5, 110, 122.5, 102.5, 42.5, 
    107.5, 110, 97.5, 90, 115, 120, 125, 95, 97.5, 87.5, 90, 
    97.5, 107.5, 102.5, 107.5, 67.5, 97.5, 105, 85, 100, 95, 
    85, 82.5, 92.5, 62.5, 70, 45, 52.5, 100, 47.5, 102.5, 115, 
    97.5, 95, 72.5, 105, 52.5, 15, 17.5, 25, 52.5, 65, 75, 42.5, 
    65, 45, 100), v2 = c(100.5, 102.5, 125, 110, 127.5, 107.5, 
    42.5, 80, 130, 97.5, 70, 115, NA, 125, 90, 70, 65.5, 87.5, 
    92.5, 107.5, 130, 107.5, 20, 108.5, 105, 60, 105, 95, 92.5, 
    77.5, 75, 75, 67.5, 37.5, 22.5, 100, 30, 90, 110, 97.5, 125, 
    87.5, 105, 52.5, 10.5, 17.5, 27.5, 47.5, 65.5, 62.5, 27.5, 
    67.5, 15, 97.5), v3 = c(102.5, 105, 115, NA, NA, 107.5, NA, 
    NA, 115, 80, 85, 107.5, NA, 120, 95, NA, 85, 97.5, 57.5, 
    145, 85, 102.5, NA, 94.5, NA, NA, 105, 90, 92.5, 75, 40, 
    115, 67.5, 45, 90, 100, NA, NA, 100, 97.5, 130, 65, 105, 
    57.5, NA, 14.5, NA, NA, 65.5, NA, 40, 67.5, NA, 62.5), v4 = c(102.5, 
    100, 112.5, NA, NA, 102.5, NA, NA, 105, 82.5, 85, 107.5, 
    NA, 120, 90, NA, 90, 95, 55, 110, 80, 102.5, NA, 102.5, NA, 
    NA, 105, 100, 92.5, 65.5, 35, 110, 77.5, 45, 65, 100, NA, 
    NA, 110, 105, 125, 57.5, 105, 52.5, NA, 10.5, NA, NA, 47.5, 
    NA, NA, 20, NA, NA), v5 = c(107.5, 110, 110, NA, NA, 90, 
    NA, NA, 112.5, 82.5, 92.5, 112.5, NA, 117.5, 100, NA, 105, 
    100, 90, 105, 127.5, 102.5, NA, 102.5, NA, NA, 110, 100, 
    90, 65, NA, 100, 77.5, 47.5, 60, 97.5, NA, NA, 105, 95, 115, 
    92.5, 102.5, 44, NA, NA, NA, NA, 27.5, NA, NA, NA, NA, NA
    ), v6 = c(107.5, 117.5, 110, NA, NA, 112.5, NA, NA, 110, 
    102.5, 97.5, 107.5, NA, 125, 107.5, NA, 90, 95, 97.5, 112.5, 
    97.5, 97.5, NA, 107.5, NA, NA, 110, 100, 110, 72.5, NA, 100, 
    77.5, 45, 65.5, 92.5, NA, NA, 105, 92.5, 117.5, 82.5, 100, 
    NA, NA, NA, NA, NA, NA, NA, NA, NA, NA, NA), v7 = c(95, 97.5, 
    127.5, NA, NA, 107.5, NA, NA, 115, 100, 107.5, 112.5, NA, 
    122.5, 100, NA, 85, 102.5, 110, NA, 117.5, 98.5, NA, 117.5, 
    NA, NA, 115, 95, 100, 72.5, NA, NA, 72.5, 50, 52.5, NA, NA, 
    NA, 105, 92.5, 110, 57.5, 95, NA, NA, NA, NA, NA, NA, NA, 
    NA, NA, NA, NA), v8 = c(102.5, 102.5, NA, NA, NA, 110, NA, 
    NA, 102.5, 95, 97.5, 107.5, NA, 120, 100, NA, 87.5, NA, 115, 
    NA, 102.5, 102.5, NA, 112.5, NA, NA, 107.5, 90, 102.5, 67.5, 
    NA, NA, 65, 45, 47.5, NA, NA, NA, 105, 92.5, 105, 50, 92.5, 
    NA, NA, NA, NA, NA, NA, NA, NA, NA, NA, NA), v9 = c(100.5, 
    112.5, NA, NA, NA, 112.5, NA, NA, 92.5, 95, 90, 107.5, NA, 
    120, 92.5, NA, 100, NA, 105, NA, 127.5, 92.5, NA, NA, NA, 
    NA, 105, 100, 87.5, 67.5, NA, NA, 55, 50, 57.5, NA, NA, NA, 
    105, 92.5, 102.5, 50, 87.5, NA, NA, NA, NA, NA, NA, NA, NA, 
    NA, NA, NA)), .Names = c("grp", "subj", "v1", "v2", "v3", 
"v4", "v5", "v6", "v7", "v8", "v9"), class = "data.frame", row.names = c("1", 
"2", "3", "4", "5", "6", "7", "8", "9", "10", "11", "12", "13", 
"14", "15", "16", "17", "18", "19", "20", "21", "22", "23", "24", 
"25", "26", "27", "28", "29", "30", "31", "32", "33", "34", "35", 
"36", "37", "38", "39", "40", "41", "42", "43", "44", "45", "46", 
"47", "48", "49", "50", "51", "52", "53", "54"))

crephalo <- data.matrix(crephalo.df[,-c(1,2)])

ctimes <- structure(c(1, 1, 1, 1, 1, 1, 1, 1, 1, 1, 1, 1, 1, 1, 1, 1, 1, 
1, 1, 1, 1, 1, 1, 1, 1, 1, 1, 1, 1, 1, 1, 1, 1, 1, 1, 1, 1, 1, 
1, 1, 1, 1, 1, 1, 1, 1, 1, 1, 1, 1, 1, 1, 1, 1, 2, 2, 2, 2, 2, 
2, 2, 2, 2, 2, 2, 2, 2, 2, 2, 2, 2, 2, 2, 2, 2, 2, 2, 2, 2, 2, 
2, 2, 2, 2, 2, 2, 2, 2, 2, 2, 2, 2, 2, 2, 2, 2, 2, 2, 2, 2, 2, 
2, 2, 2, 2, 2, 2, 2, 3, 3, 3, 3, 3, 3, 3, 3, 3, 3, 3, 3, 3, 3, 
3, 3, 3, 3, 3, 3, 3, 3, 3, 3, 3, 3, 3, 3, 3, 3, 3, 3, 3, 3, 3, 
3, 3, 3, 3, 3, 3, 3, 3, 3, 3, 3, 3, 3, 3, 3, 3, 3, 3, 3, 4, 4, 
4, 4, 4, 4, 4, 4, 4, 4, 4, 4, 4, 4, 4, 4, 4, 4, 4, 4, 4, 4, 4, 
4, 4, 4, 4, 4, 4, 4, 4, 4, 4, 4, 4, 4, 4, 4, 4, 4, 4, 4, 4, 4, 
4, 4, 4, 4, 4, 4, 4, 4, 4, 4, 5, 5, 5, 5, 5, 5, 5, 5, 5, 5, 5, 
5, 5, 5, 5, 5, 5, 5, 5, 5, 5, 5, 5, 5, 5, 5, 5, 5, 5, 5, 5, 5, 
5, 5, 5, 5, 5, 5, 5, 5, 5, 5, 5, 5, 5, 5, 5, 5, 5, 5, 5, 5, 5, 
5, 6, 6, 6, 6, 6, 6, 6, 6, 6, 6, 6, 6, 6, 6, 6, 6, 6, 6, 6, 6, 
6, 6, 6, 6, 6, 6, 6, 6, 6, 6, 6, 6, 6, 6, 6, 6, 6, 6, 6, 6, 6, 
6, 6, 6, 6, 6, 6, 6, 6, 6, 6, 6, 6, 6, 7, 7, 7, 7, 7, 7, 7, 7, 
7, 7, 7, 7, 7, 7, 7, 7, 7, 7, 7, 7, 7, 7, 7, 7, 7, 7, 7, 7, 7, 
7, 7, 7, 7, 7, 7, 7, 7, 7, 7, 7, 7, 7, 7, 7, 7, 7, 7, 7, 7, 7, 
7, 7, 7, 7, 8, 8, 8, 8, 8, 8, 8, 8, 8, 8, 8, 8, 8, 8, 8, 8, 8, 
8, 8, 8, 8, 8, 8, 8, 8, 8, 8, 8, 8, 8, 8, 8, 8, 8, 8, 8, 8, 8, 
8, 8, 8, 8, 8, 8, 8, 8, 8, 8, 8, 8, 8, 8, 8, 8, 9, 9, 9, 9, 9, 
9, 9, 9, 9, 9, 9, 9, 9, 9, 9, 9, 9, 9, 9, 9, 9, 9, 9, 9, 9, 9, 
9, 9, 9, 9, 9, 9, 9, 9, 9, 9, 9, 9, 9, 9, 9, 9, 9, 9, 9, 9, 9, 
9, 9, 9, 9, 9, 9, 9), .Dim = c(54, 9))

