
rdtest <- structure(.Data = list(rdec.y = c(-3.89096837419691, -3.30082562471152, 
	-3.8959694746734, -4.19676252764888, -1.78831224357749, 
	-3.17881164921869, -4.16421183908323, -4.98567485093672, 
	-1.73663103483668, -3.17343848780775, -0.933764661704467, 
	-3.52308527925579, -2.53091941608942, -1.19131699392224, 
	-1.14403166171765, -2.75004384446204, -1.50948619091286, 
	-1.2062610500581, -3.24967227826226, -2.81736520196316, 
	-0.669985279610025, -1.48491175627868, -0.395397059551797, 
	-2.90196866687314, -0.470811935017128, -0.941509111170326, 
	-0.813718243568726, -0.970030722127879, -0.708718569662975, 
	1.27143828007129, -0.349929062741614, -0.720002489622116, 
	0.0815277344547851, -1.31636353948475, 0.327586122512367, 
	0.358961226221677, 1.07876459798854, 0.763252367278581, 
	-0.804208346379809, -1.8332795831235, -0.449063914317993, 
	0.60429259269388, 0.18001343650992, 0.145468539808249, 
	-0.220572845046446, -0.221636270803603, -0.19631415749578, 
	1.2471728909564, 2.09442716243986, 1.98220097472606, 1.97316448137463, 
	-0.0154295328051712
	, -0.0692943676584215, 0.18794442820944, 1.4717090706601, 
	1.82080511478574, 0.365987321663272, 1.69653793025215, 
	0.923339916616674, 0.916557965581786, 0.216548081958177, 
	1.71714214091568, 1.41707101087627, -0.426497870240107, 
	-0.624650330652176, 1.74236098161815, 1.23264933765928, 
	0.652215063304639, 0.17589555780957, 0.899609408533468, 
	1.82747129124741, 2.27959174107167, 3.95494464579581, 1.02223392428434, 
	1.91335339936884, 1.29730867621012, 0.77326805543614, 0.735131922250905,
	-0.0447383841770488, 4.16691750528219, 1.43735483969172, 
	2.52284917104858, 4.2534938704616, 2.29752283001655, 2.73229378392745, 
	3.89790444779752, 0.724218581835272, 2.86805232327714, 1.27394446669093,
	2.98490660225423, 1.77354465439085, 2.4561110383422, 3.76207899656276, 
	1.49669378567626, 2.96032637143032, 1.293031273394, 2.88204784830428, 
	1.70769730991558, 2.04813933654347, 2.93423748691195), rdec.x = c(
	0.957993398886174, 0.0469594951719046, 0.90231542289257, 
	0.695826012641191, 0.891322127077729, 0.320404589641839, 
	0.841336159966886, 0.984381168149412, 0.897849445231259, 
	0.534741473849863, 0.742740438785404, 0.191347413230687, 
	0.10032906010747, 0.40214294847101, 0.544454919639975, 
	0.294688865076751, 0.327063972130418, 0.937952951993793, 
	0.541139392647892, 0.359181337989867, 0.834632944315672, 
	0.738355523440987, 0.884329286403954, 0.731505498290062, 
	0.893722082488239, 0.504524584393948, 0.753255060408264, 
	0.47926132613793, 0.906422013416886, 0.858329345937818, 
	0.133610747288913, 0.631858684588224, 0.722385886125267, 
	0.00930766947567463, 0.938878991175443, 0.144619079772383, 
	0.6851662886329, 0.799379704985768, 0.925859604496509, 0.60061944834888,
	0.560625666752458, 0.845120043028146, 0.0745124770328403, 
	0.102079985663295, 0.0338797024451196, 0.330502099357545, 
	0.965435238555074, 0.398088973015547, 0.688270544167608, 
	0.465049844700843, 0.764521410223097, 0.326909044291824, 
	0.302026902791113, 0.71796940267086, 0.49112586537376, 
	0.447196729946882, 0.911140391603112, 0.360355980228633, 
	0.503019115887582, 0.525178739335388, 0.978614023886621, 
	0.0129142943769693, 0.167503153439611, 0.98812590399757, 
	0.156801916658878, 0.371605956461281, 0.86295370478183, 
	0.0727068474516273, 0.856165831908584, 0.462493487633765, 
	0.436972150113434, 0.684219729620963, 0.116724101360887, 
	0.0314220157451928, 0.327421945985407, 0.78140699211508, 
	0.242255820892751, 0.937936523929238, 0.312367645092309, 
	0.106196460779756, 0.223455395549536, 0.693548882845789, 
	0.518983085639775, 0.466747906524688, 0.00194586953148246, 
	0.699174720793962, 0.667312572244555, 0.593422886915505, 
	0.379614168312401, 0.694220419973135, 0.175687918905169, 
	0.522881451994181, 0.312985804863274, 0.170277326367795, 
	0.0445419200696051, 0.937504343222827, 0.179219173733145, 
	0.226792256813496, 0.390380559954792, 0.457241686061025), rdec.id = c(1,
	1, 1, 1, 2, 2, 2, 2, 3, 3, 3, 3, 4, 4, 4, 4, 5, 5, 5, 5, 6, 6, 6, 6, 7, 
	7, 7, 7, 8, 8, 8, 8, 9, 9, 9, 9, 10, 10, 10, 10, 11, 11, 11, 11, 12, 12,
	12, 12, 13, 13, 13, 13, 14, 14, 14, 14, 15, 15, 15, 15, 16, 16, 16, 16, 
	17, 17, 17, 17, 18, 18, 18, 18, 19, 19, 19, 19, 20, 20, 20, 20, 21, 21, 
	21, 21, 22, 22, 22, 22, 23, 23, 23, 23, 24, 24, 24, 24, 25, 25, 25, 25),
	rdec.s = c(0, 1, 2, 3, 0, 1, 2, 3, 0, 1, 2, 3, 0, 1, 2, 3, 0, 1, 2, 3, 
	0, 1, 2, 3, 0, 1, 2, 3, 0, 1, 2, 3, 0, 1, 2, 3, 0, 1, 2, 3, 0, 1, 2, 3, 
	0, 1, 2, 3, 0, 1, 2, 3, 0, 1, 2, 3, 0, 1, 2, 3, 0, 1, 2, 3, 0, 1, 2, 3, 
	0, 1, 2, 3, 0, 1, 2, 3, 0, 1, 2, 3, 0, 1, 2, 3, 0, 1, 2, 3, 0, 1, 2, 3, 
	0, 1, 2, 3, 0, 1, 2, 3)), row.names = c("1", "2", "3", "4", "5", "6", 
	"7", "8", "9", "10", "11", "12", "13", "14", "15", "16", "17", "18", 
	"19", "20", "21", "22", "23", "24", "25", "26", "27", "28", "29", "30", 
	"31", "32", "33", "34", "35", "36", "37", "38", "39", "40", "41", "42", 
	"43", "44", "45", "46", "47", "48", "49", "50", "51", "52", "53", "54", 
	"55", "56", "57", "58", "59", "60", "61", "62", "63", "64", "65", "66", 
	"67", "68", "69", "70", "71", "72", "73", "74", "75", "76", "77", "78", 
	"79", "80", "81", "82", "83", "84", "85", "86", "87", "88", "89", "90", 
	"91", "92", "93", "94", "95", "96", "97", "98", "99", "100"), class = 
	"data.frame")


